0.32679845
1.1461029
0.58956077
0.33347727
0.89978114
-0.14911266
0.081831897
-0.078423375
-0.018066819
0.24008863
0.59489388
-0.054394646
-0.72612576
-0.24042554
-0.16153864
-0.54112989
-0.45796266
-0.86977238
-0.54310432
-0.74074008
0.03276447
0.31159988
0.45847512
0.91578359
0.46273519
0.94767395
0.84299766
0.49137511
-0.44876331
0.045236176
-0.32005196
-1.0124085
-0.63806445
-0.59136472
-1.3731903
-0.84685879
-1.090088
-0.28298218
0.33456787
-0.2976076
0.55364695
0.66592762
0.63373334
0.46943068
0.67247883
0.50644116
2.3489778
-0.43657535
0.83031683
-0.12092357
-0.041144522
-0.62401089
-1.5722187
-0.42927134
-0.22370055
-0.046476216
0.054651564
-0.2706819
-1.0389414
-0.84302111
0.33685252
-0.12943763
-0.12854135
0.39836372
-0.39397277
0.16694189
-0.56168986
0.91517595
0.0097119371
0.23947363
-0.32359514
0.00091132887
-0.91208121
-0.25116316
-1.0786645
-1.5141148
-0.60443929
-0.722001
-0.88244939
-0.74414252
1.1667788
0.18037102
1.4375827
0.76582307
1.1247375
0.82790459
0.57117901
0.64663343
0.62361742
-0.45694212
-0.11054115
-0.0058134691
-0.58552157
-0.99430074
-0.37056996
-0.57790487
0.084515249
-0.83495438
-1.3733601
-1.1841767
0.15497134
0.69154202
0.1938377
1.0211653
-0.37330973
0.15988921
0.77715283
1.2975107
0.87318124
1.3010699
-0.26085049
-0.21840432
-0.7970101
-0.78307675
-0.035200172
-1.3075608
-1.1016219
-0.54014128
-0.80931653
-2.1267697
1.0890048
0.58053207
0.16818887
0.33525135
0.83182938
1.4191798
0.33650256
1.5366535
0.92881793
0.73013942
-0.95743155
-0.58631993
-0.13831188
-0.080345301
-0.42148834
-0.15615352
-0.10168756
0.23533791
-0.2570506
-0.52975879
0.47315614
0.1619224
0.36519768
0.13488202
0.35571431
1.1597196
0.54420785
-0.27976663
1.0670585
1.3706848
-0.5196148
-0.34263296
-0.92002457
-1.2560458
-0.37417434
-0.70554612
0.27756725
-0.52001804
-1.3066916
-0.32298961
0.0013311306
0.10706835
1.6228454
0.46033347
-0.191215
0.080031126
0.67622106
0.023548681
0.48476458
0.76229389
-0.32993031
-0.38045548
-0.62840316
-0.9814329
-0.57183978
-0.33082328
-0.80820426
-0.13220042
-0.93605498
-0.54571067
